0.000000000000000000e+00
0.000000000000000000e+00
0.000000000000000000e+00
0.000000000000000000e+00
0.000000000000000000e+00
0.000000000000000000e+00
0.000000000000000000e+00
0.000000000000000000e+00
0.000000000000000000e+00
0.000000000000000000e+00
0.000000000000000000e+00
0.000000000000000000e+00
0.000000000000000000e+00
0.000000000000000000e+00
0.000000000000000000e+00
0.000000000000000000e+00
0.000000000000000000e+00
0.000000000000000000e+00
0.000000000000000000e+00
0.000000000000000000e+00
0.000000000000000000e+00
0.000000000000000000e+00
0.000000000000000000e+00
0.000000000000000000e+00
0.000000000000000000e+00
0.000000000000000000e+00
0.000000000000000000e+00
0.000000000000000000e+00
0.000000000000000000e+00
0.000000000000000000e+00
0.000000000000000000e+00
0.000000000000000000e+00
0.000000000000000000e+00
0.000000000000000000e+00
1.000000000000000000e+00
1.000000000000000000e+00
1.000000000000000000e+00
1.000000000000000000e+00
1.000000000000000000e+00
1.000000000000000000e+00
1.000000000000000000e+00
1.000000000000000000e+00
1.000000000000000000e+00
1.000000000000000000e+00
1.000000000000000000e+00
1.000000000000000000e+00
1.000000000000000000e+00
1.000000000000000000e+00
1.000000000000000000e+00
1.000000000000000000e+00
1.000000000000000000e+00
1.000000000000000000e+00
1.000000000000000000e+00
1.000000000000000000e+00
1.000000000000000000e+00
1.000000000000000000e+00
1.000000000000000000e+00
1.000000000000000000e+00
1.000000000000000000e+00
1.000000000000000000e+00
1.000000000000000000e+00
1.000000000000000000e+00
1.000000000000000000e+00
1.000000000000000000e+00
1.000000000000000000e+00
1.000000000000000000e+00
1.000000000000000000e+00
1.000000000000000000e+00
1.000000000000000000e+00
1.000000000000000000e+00
2.000000000000000000e+00
2.000000000000000000e+00
2.000000000000000000e+00
2.000000000000000000e+00
2.000000000000000000e+00
2.000000000000000000e+00
2.000000000000000000e+00
2.000000000000000000e+00
2.000000000000000000e+00
2.000000000000000000e+00
2.000000000000000000e+00
2.000000000000000000e+00
2.000000000000000000e+00
2.000000000000000000e+00
2.000000000000000000e+00
3.000000000000000000e+00
3.000000000000000000e+00
3.000000000000000000e+00
3.000000000000000000e+00
3.000000000000000000e+00
3.000000000000000000e+00
3.000000000000000000e+00
3.000000000000000000e+00
3.000000000000000000e+00
3.000000000000000000e+00
3.000000000000000000e+00
3.000000000000000000e+00
3.000000000000000000e+00
3.000000000000000000e+00
4.000000000000000000e+00
4.000000000000000000e+00
4.000000000000000000e+00
4.000000000000000000e+00
4.000000000000000000e+00
4.000000000000000000e+00
4.000000000000000000e+00
4.000000000000000000e+00
4.000000000000000000e+00
4.000000000000000000e+00
4.000000000000000000e+00
4.000000000000000000e+00
5.000000000000000000e+00
5.000000000000000000e+00
5.000000000000000000e+00
5.000000000000000000e+00
5.000000000000000000e+00
5.000000000000000000e+00
5.000000000000000000e+00
5.000000000000000000e+00
5.000000000000000000e+00
5.000000000000000000e+00
5.000000000000000000e+00
5.000000000000000000e+00
5.000000000000000000e+00
5.000000000000000000e+00
5.000000000000000000e+00
5.000000000000000000e+00
6.000000000000000000e+00
6.000000000000000000e+00
6.000000000000000000e+00
6.000000000000000000e+00
6.000000000000000000e+00
6.000000000000000000e+00
6.000000000000000000e+00
6.000000000000000000e+00
6.000000000000000000e+00
6.000000000000000000e+00
6.000000000000000000e+00
6.000000000000000000e+00
6.000000000000000000e+00
7.000000000000000000e+00
7.000000000000000000e+00
7.000000000000000000e+00
7.000000000000000000e+00
7.000000000000000000e+00
7.000000000000000000e+00
8.000000000000000000e+00
8.000000000000000000e+00
8.000000000000000000e+00
8.000000000000000000e+00
8.000000000000000000e+00
8.000000000000000000e+00
8.000000000000000000e+00
9.000000000000000000e+00
9.000000000000000000e+00
9.000000000000000000e+00
9.000000000000000000e+00
9.000000000000000000e+00
9.000000000000000000e+00
1.000000000000000000e+01
1.100000000000000000e+01
1.100000000000000000e+01
1.100000000000000000e+01
1.100000000000000000e+01
1.100000000000000000e+01
1.200000000000000000e+01
1.200000000000000000e+01
1.200000000000000000e+01
1.200000000000000000e+01
1.200000000000000000e+01
1.200000000000000000e+01
1.200000000000000000e+01
1.200000000000000000e+01
1.300000000000000000e+01
1.300000000000000000e+01
1.300000000000000000e+01
1.300000000000000000e+01
1.300000000000000000e+01
1.300000000000000000e+01
1.300000000000000000e+01
1.400000000000000000e+01
1.400000000000000000e+01
1.400000000000000000e+01
1.400000000000000000e+01
1.400000000000000000e+01
1.400000000000000000e+01
1.400000000000000000e+01
1.500000000000000000e+01
1.500000000000000000e+01
1.500000000000000000e+01
1.500000000000000000e+01
1.500000000000000000e+01
1.500000000000000000e+01
1.500000000000000000e+01
1.500000000000000000e+01
1.600000000000000000e+01
1.600000000000000000e+01
1.600000000000000000e+01
1.600000000000000000e+01
1.600000000000000000e+01
1.700000000000000000e+01
1.700000000000000000e+01
1.700000000000000000e+01
1.700000000000000000e+01
1.700000000000000000e+01
1.700000000000000000e+01
1.800000000000000000e+01
1.800000000000000000e+01
1.800000000000000000e+01
1.800000000000000000e+01
1.800000000000000000e+01
1.900000000000000000e+01
1.900000000000000000e+01
1.900000000000000000e+01
1.900000000000000000e+01
1.900000000000000000e+01
1.900000000000000000e+01
1.900000000000000000e+01
2.000000000000000000e+01
2.000000000000000000e+01
2.000000000000000000e+01
2.000000000000000000e+01
2.000000000000000000e+01
2.000000000000000000e+01
2.000000000000000000e+01
2.000000000000000000e+01
2.000000000000000000e+01
2.000000000000000000e+01
2.000000000000000000e+01
2.100000000000000000e+01
2.100000000000000000e+01
2.100000000000000000e+01
2.100000000000000000e+01
2.100000000000000000e+01
2.200000000000000000e+01
2.200000000000000000e+01
2.200000000000000000e+01
2.200000000000000000e+01
2.300000000000000000e+01
2.300000000000000000e+01
2.300000000000000000e+01
2.400000000000000000e+01
2.500000000000000000e+01
2.500000000000000000e+01
2.500000000000000000e+01
2.500000000000000000e+01
2.500000000000000000e+01
2.500000000000000000e+01
2.700000000000000000e+01
2.700000000000000000e+01
2.700000000000000000e+01
2.700000000000000000e+01
2.700000000000000000e+01
2.800000000000000000e+01
2.800000000000000000e+01
2.900000000000000000e+01
2.900000000000000000e+01
2.900000000000000000e+01
3.000000000000000000e+01
3.000000000000000000e+01
3.000000000000000000e+01
3.000000000000000000e+01
3.000000000000000000e+01
3.100000000000000000e+01
3.100000000000000000e+01
3.100000000000000000e+01
3.100000000000000000e+01
3.100000000000000000e+01
3.200000000000000000e+01
3.200000000000000000e+01
3.300000000000000000e+01
3.300000000000000000e+01
3.300000000000000000e+01
3.300000000000000000e+01
3.400000000000000000e+01
3.400000000000000000e+01
3.400000000000000000e+01
3.500000000000000000e+01
3.500000000000000000e+01
3.600000000000000000e+01
3.600000000000000000e+01
3.700000000000000000e+01
3.800000000000000000e+01
3.900000000000000000e+01
3.900000000000000000e+01
4.100000000000000000e+01
4.200000000000000000e+01
4.200000000000000000e+01
4.200000000000000000e+01
4.200000000000000000e+01
4.200000000000000000e+01
4.200000000000000000e+01
4.300000000000000000e+01
4.300000000000000000e+01
4.300000000000000000e+01
4.400000000000000000e+01
4.400000000000000000e+01
4.400000000000000000e+01
4.400000000000000000e+01
4.400000000000000000e+01
4.600000000000000000e+01
4.600000000000000000e+01
4.600000000000000000e+01
4.600000000000000000e+01
4.600000000000000000e+01
4.700000000000000000e+01
4.800000000000000000e+01
4.900000000000000000e+01
4.900000000000000000e+01
5.000000000000000000e+01
5.000000000000000000e+01
5.000000000000000000e+01
5.000000000000000000e+01
5.000000000000000000e+01
5.400000000000000000e+01
5.400000000000000000e+01
5.500000000000000000e+01
5.500000000000000000e+01
5.500000000000000000e+01
5.500000000000000000e+01
5.500000000000000000e+01
5.600000000000000000e+01
5.700000000000000000e+01
5.800000000000000000e+01
5.800000000000000000e+01
5.900000000000000000e+01
6.000000000000000000e+01
6.000000000000000000e+01
6.000000000000000000e+01
6.000000000000000000e+01
6.100000000000000000e+01
6.200000000000000000e+01
6.200000000000000000e+01
6.300000000000000000e+01
6.300000000000000000e+01
6.300000000000000000e+01
6.400000000000000000e+01
6.500000000000000000e+01
6.500000000000000000e+01
6.500000000000000000e+01
6.600000000000000000e+01
6.600000000000000000e+01
6.600000000000000000e+01
6.700000000000000000e+01
7.100000000000000000e+01
7.200000000000000000e+01
7.200000000000000000e+01
7.300000000000000000e+01
7.300000000000000000e+01
7.300000000000000000e+01
7.400000000000000000e+01
7.400000000000000000e+01
7.500000000000000000e+01
7.600000000000000000e+01
7.600000000000000000e+01
7.600000000000000000e+01
7.600000000000000000e+01
7.700000000000000000e+01
7.800000000000000000e+01
7.800000000000000000e+01
7.800000000000000000e+01
7.900000000000000000e+01
7.900000000000000000e+01
7.900000000000000000e+01
8.000000000000000000e+01
8.100000000000000000e+01
8.300000000000000000e+01
8.400000000000000000e+01
8.500000000000000000e+01
8.500000000000000000e+01
8.600000000000000000e+01
8.700000000000000000e+01
8.800000000000000000e+01
8.900000000000000000e+01
9.100000000000000000e+01
9.100000000000000000e+01
9.200000000000000000e+01
9.300000000000000000e+01
9.300000000000000000e+01
9.400000000000000000e+01
9.400000000000000000e+01
9.400000000000000000e+01
9.500000000000000000e+01
9.600000000000000000e+01
9.800000000000000000e+01
9.900000000000000000e+01
9.900000000000000000e+01
9.900000000000000000e+01
9.900000000000000000e+01
1.000000000000000000e+02
1.010000000000000000e+02
1.030000000000000000e+02
1.080000000000000000e+02
1.090000000000000000e+02
1.090000000000000000e+02
1.110000000000000000e+02
1.120000000000000000e+02
1.120000000000000000e+02
1.150000000000000000e+02
1.160000000000000000e+02
1.210000000000000000e+02
1.210000000000000000e+02
1.220000000000000000e+02
1.230000000000000000e+02
1.240000000000000000e+02
1.240000000000000000e+02
1.250000000000000000e+02
1.260000000000000000e+02
1.260000000000000000e+02
1.260000000000000000e+02
1.290000000000000000e+02
1.320000000000000000e+02
1.360000000000000000e+02
1.380000000000000000e+02
1.390000000000000000e+02
1.440000000000000000e+02
1.450000000000000000e+02
1.460000000000000000e+02
1.470000000000000000e+02
1.540000000000000000e+02
1.560000000000000000e+02
1.580000000000000000e+02
1.600000000000000000e+02
1.620000000000000000e+02
1.630000000000000000e+02
1.670000000000000000e+02
1.670000000000000000e+02
1.680000000000000000e+02
1.680000000000000000e+02
1.680000000000000000e+02
1.700000000000000000e+02
1.720000000000000000e+02
1.740000000000000000e+02
1.820000000000000000e+02
1.820000000000000000e+02
1.830000000000000000e+02
1.890000000000000000e+02
1.980000000000000000e+02
1.980000000000000000e+02
2.000000000000000000e+02
2.030000000000000000e+02
2.050000000000000000e+02
2.060000000000000000e+02
2.060000000000000000e+02
2.090000000000000000e+02
2.100000000000000000e+02
2.130000000000000000e+02
2.180000000000000000e+02
2.210000000000000000e+02
2.210000000000000000e+02
2.240000000000000000e+02
2.300000000000000000e+02
2.360000000000000000e+02
2.410000000000000000e+02
2.410000000000000000e+02
2.420000000000000000e+02
2.440000000000000000e+02
2.460000000000000000e+02
2.490000000000000000e+02
2.560000000000000000e+02
2.640000000000000000e+02
2.690000000000000000e+02
2.700000000000000000e+02
2.740000000000000000e+02
2.780000000000000000e+02
2.780000000000000000e+02
2.950000000000000000e+02
2.960000000000000000e+02
2.970000000000000000e+02
2.970000000000000000e+02
2.990000000000000000e+02
3.000000000000000000e+02
3.010000000000000000e+02
3.020000000000000000e+02
3.060000000000000000e+02
3.120000000000000000e+02
3.120000000000000000e+02
3.150000000000000000e+02
3.150000000000000000e+02
3.470000000000000000e+02
3.530000000000000000e+02
3.540000000000000000e+02
3.710000000000000000e+02
3.800000000000000000e+02
3.850000000000000000e+02
3.960000000000000000e+02
4.120000000000000000e+02
4.150000000000000000e+02
4.190000000000000000e+02
4.250000000000000000e+02
4.400000000000000000e+02
4.660000000000000000e+02
4.770000000000000000e+02
4.860000000000000000e+02
5.080000000000000000e+02
5.120000000000000000e+02
5.280000000000000000e+02
5.460000000000000000e+02
5.570000000000000000e+02
5.580000000000000000e+02
5.740000000000000000e+02
5.800000000000000000e+02
5.930000000000000000e+02
5.980000000000000000e+02
6.020000000000000000e+02
6.170000000000000000e+02
6.290000000000000000e+02
6.620000000000000000e+02
6.750000000000000000e+02
6.800000000000000000e+02
7.000000000000000000e+02
7.390000000000000000e+02
7.480000000000000000e+02
7.530000000000000000e+02
7.590000000000000000e+02
7.600000000000000000e+02
7.650000000000000000e+02
7.680000000000000000e+02
8.360000000000000000e+02
8.450000000000000000e+02
9.510000000000000000e+02
9.620000000000000000e+02
9.680000000000000000e+02
9.770000000000000000e+02
9.870000000000000000e+02
1.026000000000000000e+03
1.031000000000000000e+03
1.058000000000000000e+03
1.142000000000000000e+03
1.157000000000000000e+03
1.168000000000000000e+03
1.171000000000000000e+03
1.180000000000000000e+03
1.248000000000000000e+03
1.265000000000000000e+03
1.276000000000000000e+03
1.323000000000000000e+03
1.355000000000000000e+03
1.488000000000000000e+03
1.524000000000000000e+03
1.560000000000000000e+03
1.572000000000000000e+03
1.688000000000000000e+03
1.695000000000000000e+03
1.712000000000000000e+03
2.058000000000000000e+03
2.121000000000000000e+03
2.210000000000000000e+03
2.414000000000000000e+03
2.475000000000000000e+03
2.530000000000000000e+03
2.683000000000000000e+03
2.685000000000000000e+03
2.861000000000000000e+03
3.218000000000000000e+03
3.363000000000000000e+03
3.474000000000000000e+03
3.491000000000000000e+03
3.544000000000000000e+03
3.857000000000000000e+03
3.920000000000000000e+03
4.288000000000000000e+03
4.318000000000000000e+03
4.426000000000000000e+03
4.452000000000000000e+03
4.487000000000000000e+03
4.568000000000000000e+03
4.779000000000000000e+03
4.793000000000000000e+03
4.854000000000000000e+03
5.000000000000000000e+03
5.341000000000000000e+03
5.429000000000000000e+03
5.603000000000000000e+03
5.660000000000000000e+03
5.744000000000000000e+03
5.777000000000000000e+03
6.026000000000000000e+03
6.094000000000000000e+03
6.463000000000000000e+03
6.823000000000000000e+03
6.853000000000000000e+03
6.973000000000000000e+03
7.108000000000000000e+03
7.465000000000000000e+03
7.978000000000000000e+03
8.607000000000000000e+03
9.159000000000000000e+03
9.303000000000000000e+03
9.425000000000000000e+03
1.085900000000000000e+04
1.191900000000000000e+04
2.029800000000000000e+04
2.277200000000000000e+04
2.405800000000000000e+04
2.620300000000000000e+04
2.960900000000000000e+04
4.482400000000000000e+04
